0.0
0.0
0.0
0.0
0.0
0.0
0.14285714285714285
0.125
0.2222222222222222
0.2
0.2727272727272727
0.3333333333333333
0.3076923076923077
0.35714285714285715
0.4
0.375
0.4117647058823529
0.4444444444444444
0.42105263157894735
0.4
0.38095238095238093
0.4090909090909091
0.391304347826087
0.375
0.4
0.4230769230769231
0.4074074074074074
0.42857142857142855
0.41379310344827586
0.43333333333333335
0.45161290322580644
0.46875
0.45454545454545453
0.47058823529411764
0.4857142857142857
0.4722222222222222
0.4864864864864865
0.47368421052631576
0.46153846153846156
0.45
0.4634146341463415
0.47619047619047616
0.46511627906976744
0.45454545454545453
0.4666666666666667
0.4782608695652174
0.46808510638297873
0.4791666666666667
0.46938775510204084
0.48
0.49019607843137253
0.4807692307692308
0.4716981132075472
0.46296296296296297
0.45454545454545453
0.44642857142857145
0.43859649122807015
0.43103448275862066
0.423728813559322
0.43333333333333335
0.4262295081967213
0.41935483870967744
0.4126984126984127
0.40625
0.4
0.3939393939393939
0.40298507462686567
0.4117647058823529
0.42028985507246375
0.42857142857142855
0.43661971830985913
0.4305555555555556
0.4246575342465753
0.4189189189189189
0.41333333333333333
0.40789473684210525
0.4025974025974026
0.41025641025641024
0.4050632911392405
0.4125
0.41975308641975306
0.4146341463414634
0.42168674698795183
0.42857142857142855
0.43529411764705883
0.43023255813953487
0.4367816091954023
0.4431818181818182
0.43820224719101125
0.4444444444444444
0.43956043956043955
0.44565217391304346
