0.0
0.5
0.6666666666666666
0.75
0.8
0.6666666666666666
0.7142857142857143
0.625
0.5555555555555556
0.6
0.6363636363636364
0.6666666666666666
0.6153846153846154
0.6428571428571429
0.6666666666666666
0.6875
0.7058823529411765
0.6666666666666666
0.6842105263157895
0.7
0.6666666666666666
0.6818181818181818
0.6956521739130435
0.7083333333333334
0.68
0.6538461538461539
0.6296296296296297
0.6428571428571429
0.6551724137931034
0.6333333333333333
0.6129032258064516
0.625
0.6060606060606061
0.5882352941176471
0.5714285714285714
0.5833333333333334
0.5675675675675675
0.5789473684210527
0.5897435897435898
0.6
0.5853658536585366
0.5714285714285714
0.5813953488372093
0.5681818181818182
0.5555555555555556
0.5652173913043478
0.574468085106383
0.5625
0.5714285714285714
0.58
0.5882352941176471
0.5961538461538461
0.5849056603773585
0.5740740740740741
0.5818181818181818
0.5714285714285714
0.5789473684210527
0.5862068965517241
0.5932203389830508
0.5833333333333334
0.5901639344262295
0.5806451612903226
0.5873015873015873
0.59375
0.6
0.5909090909090909
0.5970149253731343
0.6029411764705882
0.6086956521739131
