1.0
1.0
0.6666666666666666
0.5
0.6
0.5
0.42857142857142855
0.375
0.4444444444444444
0.4
0.45454545454545453
0.4166666666666667
0.46153846153846156
0.42857142857142855
0.4
0.4375
0.4117647058823529
0.4444444444444444
0.42105263157894735
0.4
0.38095238095238093
0.36363636363636365
0.34782608695652173
0.3333333333333333
0.32
0.3076923076923077
0.2962962962962963
0.32142857142857145
0.3103448275862069
0.3
0.2903225806451613
0.3125
0.3333333333333333
0.3235294117647059
0.34285714285714286
0.3611111111111111
0.35135135135135137
0.3684210526315789
0.358974358974359
0.375
0.36585365853658536
0.38095238095238093
0.37209302325581395
0.36363636363636365
0.35555555555555557
0.3695652173913043
0.3617021276595745
0.3541666666666667
0.3673469387755102
0.38
0.37254901960784315
0.36538461538461536
0.37735849056603776
0.37037037037037035
0.36363636363636365
0.35714285714285715
0.3684210526315789
0.3793103448275862
0.3728813559322034
0.38333333333333336
0.39344262295081966
0.3870967741935484
0.3968253968253968
0.40625
0.4153846153846154
0.4090909090909091
0.417910447761194
0.4264705882352941
0.43478260869565216
0.44285714285714284
0.4507042253521127
0.4583333333333333
0.4520547945205479
0.4594594594594595
0.4533333333333333
0.4473684210526316
0.44155844155844154
0.4358974358974359
0.4430379746835443
0.45
0.4567901234567901
0.45121951219512196
0.4578313253012048
0.4642857142857143
0.4588235294117647
0.46511627906976744
0.47126436781609193
0.4659090909090909
