1.0
1.0
1.0
0.75
0.8
0.6666666666666666
0.5714285714285714
0.625
0.5555555555555556
0.5
0.5454545454545454
0.5833333333333334
0.6153846153846154
0.6428571428571429
0.6
0.5625
0.5294117647058824
0.5
0.5263157894736842
0.55
0.5714285714285714
0.5909090909090909
0.6086956521739131
0.625
0.64
0.6538461538461539
0.6296296296296297
0.6071428571428571
0.6206896551724138
0.6
0.6129032258064516
0.625
0.6363636363636364
0.6176470588235294
0.6285714285714286
0.6111111111111112
0.5945945945945946
0.5789473684210527
0.5897435897435898
0.575
0.5609756097560976
0.5476190476190477
0.5348837209302325
0.5227272727272727
0.5111111111111111
0.5217391304347826
0.5319148936170213
0.5416666666666666
0.5510204081632653
0.56
0.5686274509803921
0.5769230769230769
0.5849056603773585
0.5925925925925926
0.6
0.6071428571428571
0.6140350877192983
0.603448275862069
0.6101694915254238
0.6166666666666667
0.6065573770491803
0.6129032258064516
0.6190476190476191
0.625
0.6307692307692307
0.6212121212121212
0.6119402985074627
0.6176470588235294
0.6231884057971014
0.6142857142857143
0.6197183098591549
0.625
0.6301369863013698
0.6351351351351351
0.6266666666666667
0.631578947368421
0.6363636363636364
0.6410256410256411
0.6455696202531646
0.6375
0.6419753086419753
0.6463414634146342
0.6506024096385542
0.6547619047619048
0.6470588235294118
0.6395348837209303
0.6436781609195402
0.6477272727272727
0.651685393258427
0.6555555555555556
0.6593406593406593
0.6630434782608695
