1.0
0.5
0.6666666666666666
0.5
0.4
0.5
0.42857142857142855
0.375
0.4444444444444444
0.4
0.36363636363636365
0.3333333333333333
0.3076923076923077
0.2857142857142857
0.26666666666666666
0.3125
0.29411764705882354
0.2777777777777778
0.2631578947368421
0.25
0.2857142857142857
0.2727272727272727
0.2608695652173913
0.25
0.24
0.23076923076923078
0.25925925925925924
0.25
0.2413793103448276
0.23333333333333334
0.22580645161290322
0.21875
0.21212121212121213
0.23529411764705882
0.2571428571428571
0.25
0.24324324324324326
0.23684210526315788
0.2564102564102564
0.25
0.24390243902439024
0.2619047619047619
0.2558139534883721
0.25
0.24444444444444444
0.2608695652173913
0.2553191489361702
0.2708333333333333
0.2857142857142857
0.3
0.29411764705882354
0.28846153846153844
0.3018867924528302
0.3148148148148148
0.32727272727272727
0.32142857142857145
0.3157894736842105
0.3103448275862069
0.3220338983050847
0.3333333333333333
0.32786885245901637
0.3387096774193548
0.3492063492063492
0.34375
0.3384615384615385
0.3484848484848485
0.34328358208955223
0.3382352941176471
0.34782608695652173
0.34285714285714286
0.3380281690140845
0.3333333333333333
0.3287671232876712
0.32432432432432434
0.32
0.3157894736842105
0.3116883116883117
0.3076923076923077
0.3037974683544304
0.3125
0.32098765432098764
0.3170731707317073
0.3132530120481928
0.30952380952380953
0.3058823529411765
0.3023255813953488
0.2988505747126437
