1.0
1.0
1.0
1.0
1.0
1.0
1.0
1.0
1.0
1.0
1.0
1.0
1.0
0.9285714285714286
0.9333333333333333
0.9375
0.9411764705882353
0.9444444444444444
0.9473684210526315
0.95
0.9523809523809523
0.9090909090909091
0.9130434782608695
0.9166666666666666
0.92
0.8846153846153846
0.8888888888888888
0.8928571428571429
0.896551724137931
0.9
0.8709677419354839
0.84375
0.8484848484848485
0.8529411764705882
0.8571428571428571
0.8611111111111112
0.8648648648648649
0.868421052631579
0.8461538461538461
0.85
0.8536585365853658
0.8571428571428571
0.8604651162790697
0.8409090909090909
0.8222222222222222
0.8260869565217391
0.8297872340425532
0.8333333333333334
0.8367346938775511
0.82
0.8235294117647058
0.8269230769230769
0.8301886792452831
0.8333333333333334
0.8363636363636363
0.8392857142857143
0.8421052631578947
0.8275862068965517
0.8305084745762712
0.8333333333333334
0.8360655737704918
0.8387096774193549
0.8412698412698413
0.84375
0.8307692307692308
0.8181818181818182
0.8208955223880597
0.8235294117647058
0.8115942028985508
0.8142857142857143
0.8169014084507042
0.8194444444444444
0.8082191780821918
0.8108108108108109
0.8133333333333334
0.8157894736842105
0.8181818181818182
0.8205128205128205
0.810126582278481
0.8
0.8024691358024691
0.8048780487804879
0.8072289156626506
0.8095238095238095
0.8117647058823529
0.8023255813953488
0.8045977011494253
0.8068181818181818
0.8089887640449438
0.8111111111111111
0.8021978021978022
0.8043478260869565
0.8064516129032258
