1.0
1.0
1.0
1.0
1.0
0.8333333333333334
0.7142857142857143
0.75
0.6666666666666666
0.6
0.5454545454545454
0.5
0.5384615384615384
0.5
0.5333333333333333
0.5
0.47058823529411764
0.4444444444444444
0.42105263157894735
0.4
0.38095238095238093
0.4090909090909091
0.391304347826087
0.375
0.36
0.34615384615384615
0.3333333333333333
0.32142857142857145
0.3448275862068966
0.36666666666666664
0.3870967741935484
0.40625
0.42424242424242425
0.4117647058823529
0.42857142857142855
0.4444444444444444
0.4594594594594595
0.4473684210526316
0.4358974358974359
0.45
0.4634146341463415
0.4523809523809524
0.4418604651162791
0.4318181818181818
0.4222222222222222
0.43478260869565216
0.425531914893617
0.4375
0.42857142857142855
0.42
0.4117647058823529
0.4230769230769231
0.41509433962264153
0.4074074074074074
0.41818181818181815
0.42857142857142855
0.43859649122807015
0.4482758620689655
0.4576271186440678
0.45
0.45901639344262296
0.45161290322580644
0.4444444444444444
0.4375
0.4307692307692308
0.42424242424242425
0.43283582089552236
0.4264705882352941
0.43478260869565216
0.42857142857142855
0.43661971830985913
0.4305555555555556
0.4246575342465753
0.4189189189189189
0.41333333333333333
0.40789473684210525
0.4155844155844156
0.41025641025641024
0.4050632911392405
0.4125
0.41975308641975306
0.4146341463414634
0.42168674698795183
0.42857142857142855
0.43529411764705883
0.4418604651162791
0.4482758620689655
