0.0
0.5
0.3333333333333333
0.25
0.2
0.16666666666666666
0.2857142857142857
0.25
0.3333333333333333
0.4
0.36363636363636365
0.3333333333333333
0.3076923076923077
0.35714285714285715
0.4
0.375
0.35294117647058826
0.3333333333333333
0.3684210526315789
0.4
0.38095238095238093
0.36363636363636365
0.34782608695652173
0.3333333333333333
0.36
0.38461538461538464
0.37037037037037035
0.35714285714285715
0.3448275862068966
0.36666666666666664
0.3870967741935484
0.375
0.3939393939393939
0.4117647058823529
0.42857142857142855
0.4166666666666667
0.43243243243243246
0.42105263157894735
0.4358974358974359
0.425
0.43902439024390244
0.42857142857142855
0.4418604651162791
0.4318181818181818
0.4444444444444444
0.43478260869565216
0.44680851063829785
0.4375
0.42857142857142855
0.44
0.43137254901960786
0.4423076923076923
0.4339622641509434
0.42592592592592593
0.43636363636363634
0.44642857142857145
0.43859649122807015
0.43103448275862066
0.4406779661016949
0.45
0.45901639344262296
0.45161290322580644
0.4444444444444444
0.453125
0.4461538461538462
0.4393939393939394
0.44776119402985076
0.4411764705882353
0.43478260869565216
0.42857142857142855
0.43661971830985913
0.4305555555555556
0.4246575342465753
0.43243243243243246
0.4266666666666667
0.42105263157894735
0.4155844155844156
0.41025641025641024
0.4050632911392405
0.4125
0.4074074074074074
0.4024390243902439
0.39759036144578314
0.39285714285714285
0.4
0.4069767441860465
0.40229885057471265
