0.0
0.0
0.0
0.25
0.4
0.3333333333333333
0.2857142857142857
0.375
0.4444444444444444
0.4
0.36363636363636365
0.3333333333333333
0.3076923076923077
0.2857142857142857
0.3333333333333333
0.3125
0.29411764705882354
0.3333333333333333
0.3684210526315789
0.35
0.3333333333333333
0.3181818181818182
0.34782608695652173
0.375
0.36
0.34615384615384615
0.37037037037037035
0.35714285714285715
0.3793103448275862
0.4
0.41935483870967744
0.4375
0.42424242424242425
0.4117647058823529
0.4
0.3888888888888889
0.3783783783783784
0.3684210526315789
0.358974358974359
0.35
0.34146341463414637
0.3333333333333333
0.3488372093023256
0.3409090909090909
0.35555555555555557
0.34782608695652173
0.3404255319148936
0.3333333333333333
0.32653061224489793
0.32
0.3137254901960784
0.3076923076923077
0.3018867924528302
0.2962962962962963
0.2909090909090909
0.2857142857142857
0.2807017543859649
0.29310344827586204
0.288135593220339
0.2833333333333333
0.2786885245901639
0.27419354838709675
0.2698412698412698
0.28125
0.27692307692307694
0.2727272727272727
0.26865671641791045
0.27941176470588236
0.2753623188405797
0.2714285714285714
0.28169014084507044
0.2777777777777778
0.273972602739726
0.2702702702702703
0.26666666666666666
0.2631578947368421
0.2597402597402597
0.2564102564102564
0.25316455696202533
0.2625
0.25925925925925924
0.25609756097560976
0.25301204819277107
0.25
0.24705882352941178
0.2558139534883721
0.25287356321839083
0.25
0.24719101123595505
