0.0
0.5
0.6666666666666666
0.5
0.6
0.6666666666666666
0.7142857142857143
0.625
0.6666666666666666
0.7
0.7272727272727273
0.6666666666666666
0.6923076923076923
0.6428571428571429
0.6
0.5625
0.5294117647058824
0.5
0.5263157894736842
0.5
0.5238095238095238
0.5454545454545454
0.5217391304347826
0.5416666666666666
0.56
0.5769230769230769
0.5925925925925926
0.5714285714285714
0.5517241379310345
0.5666666666666667
0.5483870967741935
0.53125
0.5454545454545454
0.5294117647058824
0.5428571428571428
0.5277777777777778
0.5405405405405406
0.5263157894736842
0.5128205128205128
0.5
0.4878048780487805
0.47619047619047616
0.4883720930232558
0.4772727272727273
0.4666666666666667
0.45652173913043476
0.44680851063829785
0.4375
0.42857142857142855
0.44
0.43137254901960786
0.4230769230769231
0.41509433962264153
0.4074074074074074
0.41818181818181815
0.4107142857142857
0.42105263157894735
0.41379310344827586
0.4067796610169492
0.4
0.39344262295081966
0.3870967741935484
0.38095238095238093
0.390625
0.38461538461538464
0.3787878787878788
0.3880597014925373
0.38235294117647056
0.37681159420289856
0.38571428571428573
0.38028169014084506
0.375
0.3835616438356164
0.3783783783783784
0.38666666666666666
0.3815789473684211
0.38961038961038963
0.38461538461538464
0.3924050632911392
0.4
0.3950617283950617
0.4024390243902439
0.39759036144578314
0.39285714285714285
0.38823529411764707
0.3953488372093023
0.39080459770114945
0.3977272727272727
