0.0
0.5
0.3333333333333333
0.5
0.6
0.5
0.42857142857142855
0.375
0.4444444444444444
0.5
0.45454545454545453
0.4166666666666667
0.38461538461538464
0.42857142857142855
0.4
0.375
0.35294117647058826
0.3333333333333333
0.3157894736842105
0.3
0.2857142857142857
0.2727272727272727
0.2608695652173913
0.25
0.24
0.23076923076923078
0.2222222222222222
0.25
0.27586206896551724
0.26666666666666666
0.25806451612903225
0.25
0.24242424242424243
0.2647058823529412
0.2857142857142857
0.3055555555555556
0.32432432432432434
0.34210526315789475
0.358974358974359
0.375
0.36585365853658536
0.38095238095238093
0.3953488372093023
0.38636363636363635
0.4
0.41304347826086957
0.40425531914893614
0.4166666666666667
0.40816326530612246
0.4
0.39215686274509803
0.38461538461538464
0.39622641509433965
0.4074074074074074
0.4
0.4107142857142857
0.40350877192982454
0.41379310344827586
0.4067796610169492
0.4166666666666667
0.4262295081967213
0.41935483870967744
0.4126984126984127
0.40625
0.4
0.3939393939393939
0.3880597014925373
0.38235294117647056
0.37681159420289856
0.37142857142857144
0.36619718309859156
0.375
0.3698630136986301
0.3783783783783784
0.38666666666666666
0.39473684210526316
0.4025974025974026
0.3974358974358974
0.4050632911392405
0.4
0.3950617283950617
0.4024390243902439
0.39759036144578314
0.39285714285714285
0.4
0.3953488372093023
0.40229885057471265
