0.0
0.5
0.6666666666666666
0.75
0.6
0.6666666666666666
0.5714285714285714
0.625
0.5555555555555556
0.6
0.5454545454545454
0.5
0.46153846153846156
0.5
0.4666666666666667
0.4375
0.4117647058823529
0.3888888888888889
0.3684210526315789
0.4
0.38095238095238093
0.36363636363636365
0.391304347826087
0.375
0.36
0.38461538461538464
0.4074074074074074
0.42857142857142855
0.41379310344827586
0.43333333333333335
0.41935483870967744
0.40625
0.3939393939393939
0.38235294117647056
0.4
0.3888888888888889
0.3783783783783784
0.39473684210526316
0.41025641025641024
0.425
0.43902439024390244
0.4523809523809524
0.4418604651162791
0.45454545454545453
0.4666666666666667
0.4782608695652174
0.48936170212765956
0.5
0.4897959183673469
0.48
0.47058823529411764
0.4807692307692308
0.49056603773584906
0.48148148148148145
0.4909090909090909
0.5
0.49122807017543857
0.5
0.4915254237288136
0.5
0.4918032786885246
0.5
0.5079365079365079
0.515625
0.5230769230769231
0.5151515151515151
0.5223880597014925
0.5294117647058824
0.5362318840579711
0.5285714285714286
0.5352112676056338
0.5416666666666666
0.547945205479452
0.5540540540540541
0.5466666666666666
0.5394736842105263
0.5454545454545454
0.5512820512820513
0.5569620253164557
0.55
0.5555555555555556
0.5609756097560976
0.5662650602409639
0.5595238095238095
0.5529411764705883
0.5581395348837209
0.5517241379310345
0.5454545454545454
0.550561797752809
0.5444444444444444
0.5494505494505495
0.5434782608695652
0.5376344086021505
