1.0
0.5
0.6666666666666666
0.5
0.6
0.5
0.42857142857142855
0.5
0.5555555555555556
0.5
0.45454545454545453
0.4166666666666667
0.38461538461538464
0.35714285714285715
0.3333333333333333
0.3125
0.35294117647058826
0.3333333333333333
0.3157894736842105
0.35
0.3333333333333333
0.3181818181818182
0.30434782608695654
0.2916666666666667
0.28
0.2692307692307692
0.25925925925925924
0.25
0.2413793103448276
0.23333333333333334
0.25806451612903225
0.25
0.24242424242424243
0.23529411764705882
0.22857142857142856
0.2222222222222222
0.21621621621621623
0.21052631578947367
0.20512820512820512
0.2
0.1951219512195122
0.19047619047619047
0.18604651162790697
0.18181818181818182
0.17777777777777778
0.17391304347826086
0.1702127659574468
0.1875
0.20408163265306123
0.22
0.21568627450980393
0.23076923076923078
0.22641509433962265
0.24074074074074073
0.23636363636363636
0.23214285714285715
0.22807017543859648
0.22413793103448276
0.22033898305084745
0.21666666666666667
0.21311475409836064
0.20967741935483872
0.2222222222222222
0.234375
0.23076923076923078
0.22727272727272727
0.22388059701492538
0.22058823529411764
0.21739130434782608
0.22857142857142856
0.22535211267605634
0.2222222222222222
0.2328767123287671
0.22972972972972974
0.22666666666666666
0.2236842105263158
0.22077922077922077
0.21794871794871795
0.21518987341772153
0.2125
0.20987654320987653
0.2073170731707317
0.21686746987951808
0.21428571428571427
0.21176470588235294
0.22093023255813954
0.22988505747126436
0.22727272727272727
