1.0
1.0
1.0
0.75
0.6
0.6666666666666666
0.7142857142857143
0.75
0.6666666666666666
0.7
0.7272727272727273
0.75
0.6923076923076923
0.7142857142857143
0.6666666666666666
0.6875
0.6470588235294118
0.6666666666666666
0.6842105263157895
0.7
0.7142857142857143
0.6818181818181818
0.6956521739130435
0.7083333333333334
0.68
0.6923076923076923
0.7037037037037037
0.6785714285714286
0.6896551724137931
0.7
0.6774193548387096
0.65625
0.6666666666666666
0.6470588235294118
0.6571428571428571
0.6388888888888888
0.6486486486486487
0.631578947368421
0.6153846153846154
0.625
0.6097560975609756
0.5952380952380952
0.6046511627906976
0.5909090909090909
0.6
0.6086956521739131
0.5957446808510638
0.5833333333333334
0.5714285714285714
0.58
0.5882352941176471
0.5961538461538461
0.6037735849056604
0.6111111111111112
0.6181818181818182
0.6071428571428571
0.6140350877192983
0.6206896551724138
0.6101694915254238
0.6166666666666667
0.6229508196721312
0.6290322580645161
0.6349206349206349
0.640625
0.6307692307692307
0.6363636363636364
0.6268656716417911
0.6176470588235294
0.6231884057971014
