1.0
1.0
0.6666666666666666
0.75
0.8
0.6666666666666666
0.7142857142857143
0.625
0.6666666666666666
0.6
0.5454545454545454
0.5
0.5384615384615384
0.5
0.4666666666666667
0.5
0.47058823529411764
0.5
0.5263157894736842
0.5
0.5238095238095238
0.5454545454545454
0.5217391304347826
0.5416666666666666
0.56
0.5384615384615384
0.5185185185185185
0.5357142857142857
0.5517241379310345
0.5666666666666667
0.5483870967741935
0.5625
0.5757575757575758
0.5882352941176471
0.6
0.5833333333333334
0.5945945945945946
0.6052631578947368
0.5897435897435898
0.6
0.6097560975609756
0.6190476190476191
0.627906976744186
0.6136363636363636
0.6222222222222222
0.6086956521739131
0.6170212765957447
0.625
0.6122448979591837
0.6
0.5882352941176471
0.5961538461538461
0.6037735849056604
0.6111111111111112
0.6181818181818182
0.625
0.6140350877192983
0.603448275862069
0.6101694915254238
0.6166666666666667
0.6229508196721312
0.6290322580645161
0.6349206349206349
0.625
0.6307692307692307
0.6363636363636364
0.6268656716417911
0.6323529411764706
0.6231884057971014
0.6285714285714286
0.6197183098591549
0.6111111111111112
0.6164383561643836
0.6216216216216216
0.6266666666666667
0.618421052631579
0.6233766233766234
0.6282051282051282
0.6329113924050633
0.6375
0.6419753086419753
0.6341463414634146
0.6265060240963856
0.6309523809523809
0.6235294117647059
0.6162790697674418
0.6091954022988506
0.6136363636363636
0.6179775280898876
0.6111111111111112
0.6043956043956044
