1.0
1.0
1.0
1.0
1.0
1.0
0.8571428571428571
0.875
0.7777777777777778
0.7
0.7272727272727273
0.75
0.7692307692307693
0.7857142857142857
0.8
0.75
0.7058823529411765
0.6666666666666666
0.631578947368421
0.65
0.6190476190476191
0.5909090909090909
0.6086956521739131
0.5833333333333334
0.56
0.5384615384615384
0.5555555555555556
0.5357142857142857
0.5172413793103449
0.5
0.4838709677419355
0.5
0.5151515151515151
0.5
0.5142857142857142
0.5
0.5135135135135135
0.5263157894736842
0.5384615384615384
0.55
0.5609756097560976
0.5476190476190477
0.5581395348837209
0.5454545454545454
0.5555555555555556
0.5652173913043478
0.574468085106383
0.5625
0.5714285714285714
0.56
0.5686274509803921
0.5576923076923077
0.5471698113207547
0.5555555555555556
0.5454545454545454
0.5535714285714286
0.5614035087719298
0.5689655172413793
0.576271186440678
0.5833333333333334
0.5737704918032787
0.5806451612903226
0.5873015873015873
0.59375
0.6
0.5909090909090909
0.5970149253731343
0.5882352941176471
0.5942028985507246
0.5857142857142857
0.5915492957746479
0.5972222222222222
0.589041095890411
0.5945945945945946
0.5866666666666667
0.5921052631578947
0.5974025974025974
0.5897435897435898
0.5949367088607594
0.6
0.6049382716049383
0.6097560975609756
0.6144578313253012
0.6190476190476191
0.6235294117647059
0.6162790697674418
0.6206896551724138
0.6136363636363636
0.6067415730337079
0.6
0.6043956043956044
0.5978260869565217
0.5913978494623656
