1.0
1.0
0.6666666666666666
0.5
0.6
0.5
0.5714285714285714
0.5
0.5555555555555556
0.5
0.45454545454545453
0.4166666666666667
0.46153846153846156
0.5
0.5333333333333333
0.5
0.5294117647058824
0.5555555555555556
0.5263157894736842
0.5
0.47619047619047616
0.45454545454545453
0.4782608695652174
0.4583333333333333
0.48
0.46153846153846156
0.4444444444444444
0.42857142857142855
0.4482758620689655
0.4666666666666667
0.4838709677419355
0.46875
0.45454545454545453
0.4411764705882353
0.42857142857142855
0.4444444444444444
0.43243243243243246
0.42105263157894735
0.4358974358974359
0.45
0.4634146341463415
0.47619047619047616
0.4883720930232558
0.5
0.5111111111111111
0.5
0.5106382978723404
0.5
0.5102040816326531
0.52
0.5098039215686274
0.5
0.5094339622641509
0.5185185185185185
0.5272727272727272
0.5357142857142857
0.5263157894736842
0.5172413793103449
0.5084745762711864
0.5
0.5081967213114754
0.5161290322580645
0.5079365079365079
0.5
0.5076923076923077
0.5
0.5074626865671642
0.5147058823529411
0.5217391304347826
0.5285714285714286
0.5211267605633803
0.5138888888888888
0.5205479452054794
0.527027027027027
0.5333333333333333
0.5263157894736842
0.5194805194805194
0.5256410256410257
0.5316455696202531
0.5375
0.5308641975308642
0.524390243902439
0.5180722891566265
0.5119047619047619
0.5058823529411764
0.5
0.5057471264367817
0.5113636363636364
0.5056179775280899
0.5111111111111111
0.5054945054945055
0.5
0.4946236559139785
