1.0
1.0
1.0
1.0
1.0
1.0
1.0
0.875
0.7777777777777778
0.8
0.8181818181818182
0.8333333333333334
0.8461538461538461
0.8571428571428571
0.8666666666666667
0.875
0.8235294117647058
0.8333333333333334
0.8421052631578947
0.85
0.8571428571428571
0.8181818181818182
0.8260869565217391
0.8333333333333334
0.8
0.8076923076923077
0.8148148148148148
0.7857142857142857
0.7931034482758621
0.8
0.7741935483870968
0.78125
0.7878787878787878
0.7941176470588235
0.8
0.8055555555555556
0.8108108108108109
0.8157894736842105
0.7948717948717948
0.8
0.8048780487804879
0.7857142857142857
0.7906976744186046
0.7727272727272727
0.7777777777777778
0.7608695652173914
0.7659574468085106
0.75
0.7551020408163265
0.76
0.7647058823529411
0.7692307692307693
0.7735849056603774
0.7777777777777778
0.7636363636363637
0.75
0.7368421052631579
0.7413793103448276
0.7457627118644068
0.7333333333333333
0.7377049180327869
0.7419354838709677
0.7301587301587301
0.734375
0.7384615384615385
0.7272727272727273
0.7313432835820896
0.7205882352941176
0.7246376811594203
0.7285714285714285
