0.0
0.0
0.3333333333333333
0.25
0.2
0.16666666666666666
0.14285714285714285
0.125
0.1111111111111111
0.2
0.18181818181818182
0.16666666666666666
0.15384615384615385
0.14285714285714285
0.13333333333333333
0.1875
0.17647058823529413
0.16666666666666666
0.21052631578947367
0.2
0.19047619047619047
0.18181818181818182
0.21739130434782608
0.20833333333333334
0.2
0.19230769230769232
0.18518518518518517
0.17857142857142858
0.1724137931034483
0.16666666666666666
0.16129032258064516
0.1875
0.21212121212121213
0.20588235294117646
0.2
0.2222222222222222
0.21621621621621623
0.21052631578947367
0.20512820512820512
0.2
0.1951219512195122
0.19047619047619047
0.20930232558139536
0.20454545454545456
0.2222222222222222
0.21739130434782608
0.2127659574468085
0.20833333333333334
0.20408163265306123
0.2
0.21568627450980393
0.21153846153846154
0.20754716981132076
0.2037037037037037
0.21818181818181817
0.21428571428571427
0.21052631578947367
0.22413793103448276
0.23728813559322035
0.23333333333333334
0.22950819672131148
0.24193548387096775
0.23809523809523808
0.234375
0.23076923076923078
0.22727272727272727
0.22388059701492538
0.23529411764705882
0.2318840579710145
0.22857142857142856
0.23943661971830985
0.2361111111111111
0.2328767123287671
0.22972972972972974
0.22666666666666666
0.2236842105263158
0.23376623376623376
0.23076923076923078
0.22784810126582278
0.225
0.2345679012345679
0.23170731707317074
0.2289156626506024
0.23809523809523808
0.23529411764705882
0.23255813953488372
