1.0
0.5
0.3333333333333333
0.25
0.2
0.16666666666666666
0.14285714285714285
0.125
0.2222222222222222
0.2
0.2727272727272727
0.3333333333333333
0.38461538461538464
0.35714285714285715
0.3333333333333333
0.375
0.4117647058823529
0.4444444444444444
0.47368421052631576
0.5
0.5238095238095238
0.5454545454545454
0.5217391304347826
0.5
0.52
0.5384615384615384
0.5185185185185185
0.5357142857142857
0.5172413793103449
0.5
0.4838709677419355
0.46875
0.45454545454545453
0.4411764705882353
0.42857142857142855
0.4166666666666667
0.43243243243243246
0.4473684210526316
0.46153846153846156
0.475
0.4878048780487805
0.47619047619047616
0.4883720930232558
0.4772727272727273
0.4666666666666667
0.45652173913043476
0.46808510638297873
0.4791666666666667
0.46938775510204084
0.46
0.47058823529411764
0.4807692307692308
0.4716981132075472
0.46296296296296297
0.45454545454545453
0.44642857142857145
0.43859649122807015
0.4482758620689655
0.4406779661016949
0.43333333333333335
0.4262295081967213
0.41935483870967744
0.4126984126984127
0.40625
0.4153846153846154
0.42424242424242425
0.417910447761194
0.4117647058823529
0.42028985507246375
0.42857142857142855
0.4225352112676056
0.4305555555555556
0.4383561643835616
0.43243243243243246
0.44
0.4342105263157895
0.42857142857142855
0.4230769230769231
0.4177215189873418
0.425
0.41975308641975306
0.4146341463414634
0.42168674698795183
0.42857142857142855
0.43529411764705883
0.43023255813953487
0.42528735632183906
