1.0
1.0
0.6666666666666666
0.5
0.4
0.5
0.5714285714285714
0.625
0.6666666666666666
0.6
0.5454545454545454
0.5
0.46153846153846156
0.42857142857142855
0.4666666666666667
0.4375
0.47058823529411764
0.5
0.5263157894736842
0.55
0.5238095238095238
0.5454545454545454
0.5652173913043478
0.5833333333333334
0.6
0.6153846153846154
0.5925925925925926
0.5714285714285714
0.5862068965517241
0.5666666666666667
0.5483870967741935
0.53125
0.5151515151515151
0.5
0.5142857142857142
0.5277777777777778
0.5405405405405406
0.5526315789473685
0.5641025641025641
0.55
0.5609756097560976
0.5476190476190477
0.5581395348837209
0.5681818181818182
0.5555555555555556
0.5434782608695652
0.5531914893617021
0.5625
0.5510204081632653
0.56
0.5686274509803921
0.5769230769230769
0.5849056603773585
0.5925925925925926
0.5818181818181818
0.5714285714285714
0.5789473684210527
0.5862068965517241
0.5932203389830508
0.6
0.5901639344262295
0.5967741935483871
0.6031746031746031
0.59375
0.6
0.5909090909090909
0.5970149253731343
0.6029411764705882
0.5942028985507246
