0.0
0.0
0.3333333333333333
0.5
0.6
0.6666666666666666
0.7142857142857143
0.75
0.7777777777777778
0.7
0.6363636363636364
0.6666666666666666
0.6923076923076923
0.6428571428571429
0.6
0.5625
0.5882352941176471
0.5555555555555556
0.5789473684210527
0.6
0.5714285714285714
0.5909090909090909
0.5652173913043478
0.5416666666666666
0.52
0.5
0.5185185185185185
0.5
0.5172413793103449
0.5
0.5161290322580645
0.5
0.48484848484848486
0.5
0.4857142857142857
0.5
0.4864864864864865
0.47368421052631576
0.46153846153846156
0.45
0.4634146341463415
0.4523809523809524
0.46511627906976744
0.4772727272727273
0.4666666666666667
0.4782608695652174
0.46808510638297873
0.4583333333333333
0.46938775510204084
0.48
0.47058823529411764
0.46153846153846156
0.4716981132075472
0.46296296296296297
0.45454545454545453
0.44642857142857145
0.45614035087719296
0.4482758620689655
0.4576271186440678
0.45
0.45901639344262296
0.46774193548387094
0.4603174603174603
0.453125
0.46153846153846156
0.4696969696969697
0.4626865671641791
0.47058823529411764
0.463768115942029
0.4714285714285714
0.4647887323943662
0.4722222222222222
0.4794520547945205
0.4864864864864865
0.48
0.47368421052631576
0.4805194805194805
0.47435897435897434
0.4810126582278481
0.475
0.4691358024691358
0.4634146341463415
0.4578313253012048
0.4642857142857143
0.4588235294117647
0.45348837209302323
0.45977011494252873
0.4659090909090909
