1.0
0.5
0.3333333333333333
0.25
0.2
0.16666666666666666
0.14285714285714285
0.25
0.2222222222222222
0.2
0.18181818181818182
0.25
0.23076923076923078
0.2857142857142857
0.26666666666666666
0.25
0.23529411764705882
0.2222222222222222
0.21052631578947367
0.2
0.23809523809523808
0.2727272727272727
0.2608695652173913
0.2916666666666667
0.32
0.34615384615384615
0.37037037037037035
0.39285714285714285
0.41379310344827586
0.43333333333333335
0.41935483870967744
0.4375
0.42424242424242425
0.4117647058823529
0.42857142857142855
0.4444444444444444
0.43243243243243246
0.4473684210526316
0.46153846153846156
0.45
0.43902439024390244
0.4523809523809524
0.4418604651162791
0.45454545454545453
0.4666666666666667
0.4782608695652174
0.48936170212765956
0.4791666666666667
0.46938775510204084
0.48
0.47058823529411764
0.46153846153846156
0.4716981132075472
0.48148148148148145
0.4727272727272727
0.48214285714285715
0.49122807017543857
0.5
0.5084745762711864
0.5166666666666667
0.5245901639344263
0.532258064516129
0.5238095238095238
0.515625
0.5230769230769231
0.5303030303030303
0.5223880597014925
0.5294117647058824
0.5217391304347826
0.5285714285714286
0.5352112676056338
0.5277777777777778
0.5342465753424658
0.5405405405405406
0.5466666666666666
0.5526315789473685
0.5454545454545454
0.5384615384615384
0.5443037974683544
0.5375
0.5308641975308642
0.524390243902439
0.5180722891566265
0.5238095238095238
0.5176470588235295
0.5232558139534884
0.5287356321839081
