0.0
0.0
0.3333333333333333
0.5
0.6
0.5
0.42857142857142855
0.5
0.4444444444444444
0.5
0.45454545454545453
0.4166666666666667
0.46153846153846156
0.42857142857142855
0.4
0.4375
0.47058823529411764
0.5
0.47368421052631576
0.5
0.5238095238095238
0.5
0.5217391304347826
0.5
0.48
0.46153846153846156
0.48148148148148145
0.4642857142857143
0.4827586206896552
0.5
0.4838709677419355
0.46875
0.45454545454545453
0.4411764705882353
0.42857142857142855
0.4166666666666667
0.43243243243243246
0.42105263157894735
0.41025641025641024
0.4
0.3902439024390244
0.38095238095238093
0.37209302325581395
0.38636363636363635
0.4
0.391304347826087
0.3829787234042553
0.375
0.3673469387755102
0.36
0.35294117647058826
0.34615384615384615
0.3584905660377358
0.37037037037037035
0.36363636363636365
0.35714285714285715
0.3508771929824561
0.3448275862068966
0.3559322033898305
0.35
0.3442622950819672
0.3387096774193548
0.3492063492063492
0.359375
0.35384615384615387
0.3484848484848485
0.34328358208955223
0.35294117647058826
0.34782608695652173
0.34285714285714286
0.3380281690140845
0.3333333333333333
0.3424657534246575
0.35135135135135137
0.3466666666666667
0.34210526315789475
0.35064935064935066
0.34615384615384615
0.34177215189873417
0.3375
0.3333333333333333
0.32926829268292684
0.3253012048192771
0.32142857142857145
0.32941176470588235
0.3372093023255814
