0.0
0.0
0.0
0.0
0.0
0.0
0.0
0.0
0.0
0.1
0.09090909090909091
0.16666666666666666
0.23076923076923078
0.21428571428571427
0.26666666666666666
0.3125
0.35294117647058826
0.3333333333333333
0.3157894736842105
0.35
0.3333333333333333
0.36363636363636365
0.34782608695652173
0.3333333333333333
0.36
0.34615384615384615
0.3333333333333333
0.32142857142857145
0.3103448275862069
0.3333333333333333
0.3548387096774194
0.375
0.3939393939393939
0.4117647058823529
0.4
0.4166666666666667
0.40540540540540543
0.39473684210526316
0.38461538461538464
0.375
0.36585365853658536
0.35714285714285715
0.37209302325581395
0.38636363636363635
0.37777777777777777
0.3695652173913043
0.3617021276595745
0.3541666666666667
0.3673469387755102
0.38
0.39215686274509803
0.38461538461538464
0.39622641509433965
0.4074074074074074
0.41818181818181815
0.4107142857142857
0.42105263157894735
0.41379310344827586
0.423728813559322
0.4166666666666667
0.4262295081967213
0.43548387096774194
0.4444444444444444
0.4375
0.4461538461538462
0.45454545454545453
0.44776119402985076
0.45588235294117646
0.463768115942029
0.4714285714285714
0.4788732394366197
0.4722222222222222
0.4794520547945205
0.4864864864864865
0.48
0.47368421052631576
0.4675324675324675
0.47435897435897434
0.46835443037974683
0.475
0.48148148148148145
0.4878048780487805
0.4819277108433735
0.4880952380952381
0.49411764705882355
0.5
0.5057471264367817
0.5113636363636364
0.5056179775280899
0.5
0.4945054945054945
0.4891304347826087
