0.0
0.5
0.6666666666666666
0.5
0.4
0.5
0.42857142857142855
0.375
0.4444444444444444
0.5
0.5454545454545454
0.5833333333333334
0.5384615384615384
0.5714285714285714
0.5333333333333333
0.5625
0.5882352941176471
0.5555555555555556
0.5789473684210527
0.6
0.6190476190476191
0.6363636363636364
0.6521739130434783
0.6666666666666666
0.64
0.6538461538461539
0.6296296296296297
0.6071428571428571
0.5862068965517241
0.6
0.6129032258064516
0.59375
0.6060606060606061
0.5882352941176471
0.6
0.6111111111111112
0.5945945945945946
0.5789473684210527
0.5897435897435898
0.6
0.6097560975609756
0.5952380952380952
0.6046511627906976
0.5909090909090909
0.6
0.5869565217391305
0.5957446808510638
0.6041666666666666
0.6122448979591837
0.62
0.6274509803921569
0.6153846153846154
0.6037735849056604
0.6111111111111112
0.6181818181818182
0.6071428571428571
0.6140350877192983
0.6206896551724138
0.6271186440677966
0.6166666666666667
0.6065573770491803
0.6129032258064516
0.6190476190476191
0.625
0.6153846153846154
0.6212121212121212
0.6268656716417911
0.6176470588235294
0.6231884057971014
0.6142857142857143
0.6197183098591549
0.625
0.6164383561643836
0.6216216216216216
0.6133333333333333
0.618421052631579
0.6233766233766234
0.6282051282051282
0.6329113924050633
0.625
0.6296296296296297
0.6341463414634146
0.6385542168674698
0.6428571428571429
0.6470588235294118
0.6511627906976745
0.6436781609195402
0.6477272727272727
0.6404494382022472
0.6333333333333333
0.6373626373626373
0.6304347826086957
