0.0
0.0
0.3333333333333333
0.25
0.4
0.5
0.42857142857142855
0.375
0.3333333333333333
0.3
0.2727272727272727
0.25
0.3076923076923077
0.35714285714285715
0.3333333333333333
0.375
0.4117647058823529
0.3888888888888889
0.42105263157894735
0.4
0.42857142857142855
0.4090909090909091
0.391304347826087
0.375
0.36
0.34615384615384615
0.3333333333333333
0.32142857142857145
0.3103448275862069
0.3333333333333333
0.3225806451612903
0.3125
0.3333333333333333
0.35294117647058826
0.34285714285714286
0.3611111111111111
0.35135135135135137
0.3684210526315789
0.38461538461538464
0.375
0.3902439024390244
0.38095238095238093
0.3953488372093023
0.38636363636363635
0.37777777777777777
0.3695652173913043
0.3617021276595745
0.3541666666666667
0.3469387755102041
0.34
0.35294117647058826
0.34615384615384615
0.3584905660377358
0.35185185185185186
0.36363636363636365
0.375
0.38596491228070173
0.3793103448275862
0.3898305084745763
0.4
0.4098360655737705
0.4032258064516129
0.4126984126984127
0.421875
0.4307692307692308
0.4393939393939394
0.44776119402985076
0.45588235294117646
0.463768115942029
0.45714285714285713
0.4507042253521127
0.4444444444444444
0.4383561643835616
0.43243243243243246
0.4266666666666667
0.4342105263157895
0.42857142857142855
0.4358974358974359
0.43037974683544306
0.425
0.43209876543209874
0.43902439024390244
0.4457831325301205
0.4523809523809524
0.4588235294117647
0.46511627906976744
0.45977011494252873
