0.0
0.0
0.0
0.25
0.4
0.3333333333333333
0.2857142857142857
0.25
0.3333333333333333
0.4
0.36363636363636365
0.4166666666666667
0.46153846153846156
0.5
0.4666666666666667
0.5
0.47058823529411764
0.4444444444444444
0.47368421052631576
0.5
0.47619047619047616
0.5
0.4782608695652174
0.5
0.48
0.5
0.5185185185185185
0.5
0.4827586206896552
0.4666666666666667
0.4838709677419355
0.46875
0.48484848484848486
0.47058823529411764
0.45714285714285713
0.4444444444444444
0.43243243243243246
0.4473684210526316
0.46153846153846156
0.475
0.4878048780487805
0.5
0.5116279069767442
0.5
0.4888888888888889
0.4782608695652174
0.46808510638297873
0.4583333333333333
0.4489795918367347
0.46
0.47058823529411764
0.4807692307692308
0.49056603773584906
0.5
0.509090909090909
0.5178571428571429
0.5087719298245614
0.5172413793103449
0.5084745762711864
0.5
0.5081967213114754
0.5
0.5079365079365079
0.515625
0.5230769230769231
0.5303030303030303
0.5373134328358209
0.5294117647058824
0.5217391304347826
0.5285714285714286
0.5352112676056338
0.5277777777777778
0.5205479452054794
0.5135135135135135
0.5066666666666667
0.5
0.5064935064935064
0.5128205128205128
0.5063291139240507
0.5
0.5061728395061729
0.5
0.5060240963855421
0.5
0.49411764705882355
0.5
0.4942528735632184
0.48863636363636365
0.48314606741573035
0.4777777777777778
0.4835164835164835
