1.0
1.0
0.6666666666666666
0.5
0.4
0.5
0.5714285714285714
0.5
0.4444444444444444
0.5
0.45454545454545453
0.4166666666666667
0.46153846153846156
0.42857142857142855
0.4666666666666667
0.5
0.5294117647058824
0.5
0.47368421052631576
0.5
0.5238095238095238
0.5
0.5217391304347826
0.5
0.52
0.5384615384615384
0.5555555555555556
0.5357142857142857
0.5172413793103449
0.5
0.4838709677419355
0.5
0.5151515151515151
0.5294117647058824
0.5142857142857142
0.5277777777777778
0.5405405405405406
0.5263157894736842
0.5128205128205128
0.525
0.5365853658536586
0.5476190476190477
0.5348837209302325
0.5227272727272727
0.5333333333333333
0.5217391304347826
0.5106382978723404
0.5
0.5102040816326531
0.5
0.49019607843137253
0.5
0.49056603773584906
0.5
0.4909090909090909
0.48214285714285715
0.47368421052631576
0.46551724137931033
0.4576271186440678
0.45
0.4426229508196721
0.43548387096774194
0.42857142857142855
0.421875
0.4153846153846154
0.42424242424242425
0.417910447761194
0.4117647058823529
