1.0
0.5
0.6666666666666666
0.5
0.6
0.6666666666666666
0.7142857142857143
0.75
0.7777777777777778
0.8
0.8181818181818182
0.75
0.6923076923076923
0.6428571428571429
0.6
0.625
0.6470588235294118
0.6111111111111112
0.631578947368421
0.6
0.6190476190476191
0.6363636363636364
0.6521739130434783
0.625
0.6
0.5769230769230769
0.5925925925925926
0.6071428571428571
0.6206896551724138
0.6
0.6129032258064516
0.625
0.6363636363636364
0.6470588235294118
0.6571428571428571
0.6666666666666666
0.6486486486486487
0.6578947368421053
0.6410256410256411
0.625
0.6097560975609756
0.5952380952380952
0.6046511627906976
0.5909090909090909
0.6
0.6086956521739131
0.6170212765957447
0.6041666666666666
0.5918367346938775
0.58
0.5882352941176471
0.5769230769230769
0.5849056603773585
0.5925925925925926
0.5818181818181818
0.5892857142857143
0.5964912280701754
0.5862068965517241
0.5932203389830508
0.5833333333333334
0.5737704918032787
0.5645161290322581
0.5714285714285714
0.5625
0.5692307692307692
0.5606060606060606
0.5522388059701493
0.5588235294117647
0.5652173913043478
0.5714285714285714
0.5774647887323944
0.5833333333333334
0.589041095890411
0.5945945945945946
0.5866666666666667
0.5921052631578947
0.5844155844155844
0.5769230769230769
0.5822784810126582
0.575
0.5679012345679012
0.5609756097560976
0.5662650602409639
0.5714285714285714
0.5764705882352941
0.5813953488372093
0.5747126436781609
0.5795454545454546
0.5730337078651685
0.5666666666666667
0.5714285714285714
0.5760869565217391
