0.0
0.0
0.3333333333333333
0.25
0.4
0.3333333333333333
0.2857142857142857
0.25
0.2222222222222222
0.2
0.18181818181818182
0.25
0.23076923076923078
0.21428571428571427
0.2
0.1875
0.23529411764705882
0.2777777777777778
0.2631578947368421
0.25
0.23809523809523808
0.22727272727272727
0.2608695652173913
0.2916666666666667
0.28
0.2692307692307692
0.25925925925925924
0.2857142857142857
0.3103448275862069
0.3333333333333333
0.3225806451612903
0.3125
0.30303030303030304
0.3235294117647059
0.3142857142857143
0.3055555555555556
0.2972972972972973
0.3157894736842105
0.3076923076923077
0.325
0.3170731707317073
0.30952380952380953
0.32558139534883723
0.3181818181818182
0.3111111111111111
0.30434782608695654
0.2978723404255319
0.2916666666666667
0.2857142857142857
0.28
0.27450980392156865
0.2692307692307692
0.2830188679245283
0.2777777777777778
0.2727272727272727
0.26785714285714285
0.2631578947368421
0.25862068965517243
0.2542372881355932
0.25
0.26229508196721313
0.27419354838709675
0.2857142857142857
0.28125
0.27692307692307694
0.2727272727272727
0.26865671641791045
0.2647058823529412
0.2753623188405797
0.2714285714285714
0.2676056338028169
0.2638888888888889
0.2602739726027397
0.2702702702702703
0.26666666666666666
0.27631578947368424
0.2727272727272727
0.2692307692307692
0.27848101265822783
0.275
0.2716049382716049
0.2682926829268293
0.26506024096385544
0.2619047619047619
0.27058823529411763
0.26744186046511625
0.26436781609195403
0.26136363636363635
