0.0
0.0
0.3333333333333333
0.5
0.6
0.6666666666666666
0.7142857142857143
0.75
0.6666666666666666
0.6
0.6363636363636364
0.5833333333333334
0.6153846153846154
0.5714285714285714
0.6
0.625
0.5882352941176471
0.6111111111111112
0.631578947368421
0.65
0.6190476190476191
0.6363636363636364
0.6086956521739131
0.625
0.64
0.6153846153846154
0.6296296296296297
0.6428571428571429
0.6206896551724138
0.6333333333333333
0.6451612903225806
0.65625
0.6666666666666666
0.6470588235294118
0.6285714285714286
0.6388888888888888
0.6216216216216216
0.631578947368421
0.6153846153846154
0.6
0.5853658536585366
0.5952380952380952
0.6046511627906976
0.6136363636363636
0.6
0.6086956521739131
0.6170212765957447
0.625
0.6122448979591837
0.62
0.6078431372549019
0.5961538461538461
0.6037735849056604
0.6111111111111112
0.6
0.6071428571428571
0.5964912280701754
0.603448275862069
0.6101694915254238
0.6166666666666667
0.6229508196721312
0.6290322580645161
0.6349206349206349
0.625
0.6307692307692307
0.6363636363636364
0.6268656716417911
0.6323529411764706
0.6376811594202898
0.6428571428571429
0.6338028169014085
0.6388888888888888
0.6301369863013698
0.6351351351351351
0.64
0.6447368421052632
0.6493506493506493
0.6410256410256411
0.6455696202531646
0.6375
0.6296296296296297
0.6341463414634146
0.6385542168674698
0.6428571428571429
0.6470588235294118
0.6511627906976745
0.6436781609195402
0.6477272727272727
0.6404494382022472
0.6444444444444445
0.6483516483516484
0.6413043478260869
0.6451612903225806
