1.0
1.0
1.0
0.75
0.8
0.8333333333333334
0.7142857142857143
0.625
0.6666666666666666
0.7
0.6363636363636364
0.6666666666666666
0.6923076923076923
0.7142857142857143
0.7333333333333333
0.75
0.7647058823529411
0.7777777777777778
0.7894736842105263
0.8
0.7619047619047619
0.7727272727272727
0.782608695652174
0.7916666666666666
0.8
0.8076923076923077
0.7777777777777778
0.75
0.7586206896551724
0.7666666666666667
0.7741935483870968
0.78125
0.7878787878787878
0.7647058823529411
0.7714285714285715
0.7777777777777778
0.7837837837837838
0.7894736842105263
0.7692307692307693
0.775
0.7804878048780488
0.7857142857142857
0.7906976744186046
0.7727272727272727
0.7555555555555555
0.7391304347826086
0.7446808510638298
0.7291666666666666
0.7142857142857143
0.72
0.7058823529411765
0.6923076923076923
0.6792452830188679
0.6851851851851852
0.6909090909090909
0.6785714285714286
0.6842105263157895
0.6896551724137931
0.6779661016949152
0.6666666666666666
0.6721311475409836
0.6774193548387096
0.6825396825396826
0.6875
0.6923076923076923
0.6818181818181818
0.6865671641791045
0.6911764705882353
0.6956521739130435
0.6857142857142857
0.676056338028169
0.6666666666666666
0.6575342465753424
0.6486486486486487
0.6533333333333333
0.6578947368421053
0.6623376623376623
0.6666666666666666
0.6582278481012658
0.6625
0.6666666666666666
0.6585365853658537
0.6626506024096386
0.6547619047619048
0.6470588235294118
0.6395348837209303
0.632183908045977
0.625
0.6179775280898876
0.6111111111111112
0.6153846153846154
0.6086956521739131
